  3.0900000e+002
  3.0800000e+002
  2.4800000e+002
  2.4700000e+002
  3.1100000e+002
  3.1000000e+002
  2.6000000e+002
  2.5900000e+002
  2.8600000e+002
  2.8500000e+002
  4.2500000e+002
  4.1700000e+002
  4.0700000e+002
  4.2800000e+002
  4.2700000e+002
  4.2500000e+002
  4.1900000e+002
  4.1900000e+002
  9.0500000e+002
  4.2700000e+002
  4.2000000e+002
  4.6500000e+002
  4.6800000e+002
  4.5000000e+002
  4.5500000e+002
  4.7300000e+002
  4.7000000e+002
  4.6400000e+002
  4.6500000e+002
  4.6000000e+002
  4.6100000e+002
  4.6400000e+002
  4.6100000e+002
  4.2800000e+002
  4.2200000e+002
  4.1400000e+002
  4.0600000e+002
  4.0200000e+002
  4.0500000e+002
  4.0600000e+002
  4.0700000e+002
  4.0200000e+002
  4.0700000e+002
  4.0700000e+002
  4.0900000e+002
  4.0700000e+002
  3.9900000e+002
  4.0500000e+002
  4.0500000e+002
  3.6000000e+002
  3.6200000e+002
  3.6100000e+002
  3.6200000e+002
  3.6100000e+002
  3.5400000e+002
  3.5100000e+002
  3.5100000e+002
  3.6000000e+002
  3.6100000e+002
  3.6000000e+002
  3.6800000e+002
  3.6400000e+002
  3.5800000e+002
  3.5800000e+002
  3.3700000e+002
  3.1500000e+002
  3.0600000e+002
  3.0600000e+002
  3.0700000e+002
  3.0000000e+002
  3.0200000e+002
  3.0200000e+002
  3.0200000e+002
  2.9700000e+002
  3.0100000e+002
  3.0200000e+002
  2.9800000e+002
  2.9700000e+002
  2.9900000e+002
  3.4800000e+002
  3.4500000e+002
  3.4300000e+002
  3.4400000e+002
  3.4300000e+002
  3.4600000e+002
  3.4300000e+002
  3.4600000e+002
  3.4800000e+002
  3.4400000e+002
  3.4000000e+002
  3.4300000e+002
  3.4700000e+002
  3.4100000e+002
  3.4400000e+002
  3.4700000e+002
  3.4100000e+002
  3.4400000e+002
  3.4600000e+002
  3.4100000e+002
  3.4300000e+002
  3.4300000e+002
  3.4600000e+002
  3.4100000e+002
  3.4900000e+002
  3.4300000e+002
  3.4500000e+002
  3.5000000e+002
  3.3500000e+002
  3.4400000e+002
  3.4300000e+002
  3.4600000e+002
  3.4400000e+002
  3.4200000e+002
  3.4200000e+002
  3.4300000e+002
