 -5.8131893e+001 -1.6092897e+002
 -5.9650652e+001 -1.6028098e+002
 -5.3547893e+001 -1.6376792e+002
 -5.6880325e+001 -1.6146628e+002
 -5.3088728e+001 -1.6265013e+002
 -5.7334999e+001 -1.6081742e+002
 -5.7468498e+001 -1.6198420e+002
 -5.3738211e+001 -1.6272076e+002
 -4.8469379e+001 -1.6651730e+002
 -5.5335994e+001 -1.6379794e+002
 -5.5226552e+001 -1.6216765e+002
 -5.7100634e+001 -1.6110130e+002
 -5.8131893e+001 -1.6092897e+002
 -5.4960409e+001 -1.6333887e+002
 -5.8467095e+001 -1.6078396e+002
 -5.2944472e+001 -1.6248798e+002
 -5.6023288e+001 -1.6221883e+002
 -5.6840507e+001 -1.6149639e+002
 -5.8548433e+001 -1.6028395e+002
 -5.0873398e+001 -1.6465303e+002
 -5.8399238e+001 -1.5857284e+002
 -5.8701201e+001 -1.6090858e+002
 -5.3438649e+001 -1.6383351e+002
 -4.9088555e+001 -1.6526119e+002
 -5.5636902e+001 -1.6264728e+002
 -5.2831142e+001 -1.6347783e+002
 -5.2185240e+001 -1.6453955e+002
 -5.1254045e+001 -1.6485617e+002
 -5.5065814e+001 -1.6300222e+002
 -5.7227806e+001 -1.6148338e+002
 -5.4556134e+001 -1.6278722e+002
 -6.0645113e+001 -1.5882018e+002
 -5.1891303e+001 -1.6374232e+002
 -4.9675755e+001 -1.6619099e+002
 -5.5252957e+001 -1.6246316e+002
 -5.5012638e+001 -1.6316841e+002
 -5.5424290e+001 -1.6242835e+002
 -5.3222148e+001 -1.6257112e+002
 -5.1795163e+001 -1.6500107e+002
 -5.7961917e+001 -1.6111399e+002
 -5.5457745e+001 -1.6209900e+002
 -5.5588142e+001 -1.6141103e+002
 -5.4253837e+001 -1.6261672e+002
 -5.5021418e+001 -1.6292232e+002
 -4.7537724e+001 -1.6632850e+002
 -5.4068420e+001 -1.6334139e+002
 -4.6960092e+001 -1.6698352e+002
 -5.6656265e+001 -1.6163502e+002
 -5.5180835e+001 -1.6274779e+002
 -5.5798579e+001 -1.6216436e+002
 -5.9267382e+001 -1.6002999e+002
 -5.7824186e+001 -1.6094762e+002
 -5.4500602e+001 -1.6327523e+002
 -5.6886022e+001 -1.6099200e+002
 -6.3517846e+001 -1.5756761e+002
 -5.2009227e+001 -1.6376410e+002
 -5.3088728e+001 -1.6265013e+002
 -5.6076945e+001 -1.6264630e+002
 -5.7098948e+001 -1.6142252e+002
 -5.7286951e+001 -1.6063716e+002
 -5.7909858e+001 -1.6183760e+002
 -5.6828322e+001 -1.6187178e+002
 -5.1432223e+001 -1.6570177e+002
 -5.6520184e+001 -1.6211072e+002
 -5.2923266e+001 -1.6341077e+002
 -5.8184133e+001 -1.6094128e+002
 -4.8302641e+001 -1.6762162e+002
 -5.0353256e+001 -1.6372636e+002
 -5.0453023e+001 -1.6544196e+002
 -5.4303712e+001 -1.6352766e+002
 -5.5178520e+001 -1.6257811e+002
 -5.2511377e+001 -1.6497770e+002
 -5.4684449e+001 -1.6209892e+002
 -4.8346255e+001 -1.6594217e+002
 -5.2444191e+001 -1.6485340e+002
 -5.7419544e+001 -1.6181509e+002
 -5.5963182e+001 -1.6300734e+002
 -5.2653869e+001 -1.6303247e+002
 -6.0978182e+001 -1.5855705e+002
 -5.6420610e+001 -1.6203506e+002
 -6.1151064e+001 -1.5940369e+002
 -5.2760511e+001 -1.6338078e+002
 -4.9840832e+001 -1.6476202e+002
 -5.5338048e+001 -1.6200974e+002
 -5.1821600e+001 -1.6478828e+002
 -5.4543644e+001 -1.6197973e+002
 -5.6976397e+001 -1.6265555e+002
 -6.2567150e+001 -1.5726376e+002
 -5.5012638e+001 -1.6316841e+002
 -5.4433733e+001 -1.6255337e+002
 -5.2280935e+001 -1.6513251e+002
 -5.3289372e+001 -1.6443856e+002
 -5.5862050e+001 -1.6240793e+002
 -5.4803043e+001 -1.6308103e+002
 -5.1749697e+001 -1.6574819e+002
 -6.3305871e+001 -1.5739990e+002
 -6.0112444e+001 -1.5998903e+002
 -6.0611446e+001 -1.6030353e+002
 -5.4395656e+001 -1.6243453e+002
 -5.8748810e+001 -1.6115324e+002
 -5.0184214e+001 -1.6458093e+002
 -5.4045162e+001 -1.6391563e+002
 -5.7693021e+001 -1.6158861e+002
 -5.5390707e+001 -1.6266665e+002
 -4.7606812e+001 -1.6650008e+002
 -5.9017917e+001 -1.6032428e+002
 -5.4000368e+001 -1.6212360e+002
 -5.3096511e+001 -1.6327845e+002
 -5.4788312e+001 -1.6286904e+002
 -5.9642941e+001 -1.5972793e+002
 -5.9531496e+001 -1.6010242e+002
 -5.5155382e+001 -1.6281437e+002
 -5.3485258e+001 -1.6482157e+002
 -5.7411021e+001 -1.6101421e+002
 -5.5058392e+001 -1.6229165e+002
