1 1 289 307
1 1 173 188
1 2 295 309
1 2 173 188
2 1 102 132
2 2 102 130
2 11 171 186 *
2 13 163 177
2 14 146 164
2 15 184 203
2 16 143 162
2 17 134 157
2 20 141 159
3 1 68 83
3 2 69 83
3 3 145 156
3 4 143 165
3 24 105 115
3 24 66 76
3 25 83 92
3 25 119 130
3 26 90 100
3 26 127 137
3 27 87 98
3 27 126 135
3 28 123 134
3 28 85 95
3 29 123 133
3 29 85 95
3 30 84 94
3 30 120 131
3 31 82 92
3 31 119 130
3 32 87 97
3 32 124 134
3 33 86 96
3 33 123 133
4 3 8 32
4 4 12 30
4 7 168 178
5 3 7 35
5 4 1 32
5 6 291 311
6 3 45 70
6 4 41 66
7 5 149 166
7 5 200 216
7 5 185 203
7 6 154 175
7 6 191 209
7 6 176 198
7 9 224 240
7 10 223 242
8 5 210 224
8 5 223 239
8 6 209 221
8 6 220 235
9 5 1 66
9 5 54 124
9 6 1 66
9 6 65 126
10 5 210 224
10 5 195 206
10 6 209 222
10 6 109 127
11 5 210 239
11 6 209 236
12 5 66 122
12 5 1 63
12 6 4 61
12 6 54 94
13 7 88 115
13 8 89 115
14 7 208 217
14 8 203 213
14 22 311 320
14 22 386 396
14 22 337 345
14 23 342 348
14 26 420 428
14 26 343 353
14 27 340 350
14 27 417 426
14 28 415 423
14 28 338 348
14 29 414 424
14 29 334 347
14 30 408 417
14 31 334 345
14 31 410 422
14 32 336 346
14 32 413 426
14 33 334 341
14 33 408 416
15 7 86 115
15 8 89 116
16 9 155 185
16 9 176 229
16 10 152 184
16 10 175 229
16 13 323 345
16 13 282 306
17 9 224 249
17 9 235 266
17 10 226 249
17 10 223 243
18 9 211 243
18 9 246 285
18 10 218 249
18 10 250 277
19 9 208 222
19 10 207 221
19 11 70 86
19 12 69 84
20 9 219 236
20 9 250 263
20 10 219 235
20 10 263 285
21 11 100 110
21 11 110 120
21 11 120 130
21 11 91 100
21 12 108 118
21 12 97 108
21 12 117 128
21 12 89 97
21 13 93 103
21 13 113 123
21 13 103 113
21 13 83 93
21 14 357 368
21 14 125 135
21 14 115 125
21 14 135 145
21 15 104 114
21 15 124 134
21 15 114 124
21 15 134 143
21 16 123 132
21 16 103 113
21 16 113 123
21 16 132 142
21 17 117 128
21 17 128 137
21 17 108 118
21 17 97 108
21 18 115 125
21 18 95 105
21 18 105 116
21 18 85 95
21 19 104 117
21 19 129 142
21 19 116 130
21 19 564 576
21 19 552 565
21 19 575 589
21 19 541 553
21 19 92 105
21 20 110 120
21 20 120 130
21 20 100 110
21 20 130 140
21 21 95 106
21 21 105 116
21 21 115 126
22 11 100 120
22 12 97 118
22 13 93 113
22 14 115 135
22 15 114 134
22 16 103 123
22 16 123 142
22 17 108 129
22 18 105 125
22 18 85 106
22 19 116 142
22 19 541 565
22 19 564 589
22 20 100 120
22 20 120 140
22 21 95 116
23 11 384 398
23 11 394 409
23 11 374 387
23 12 384 397
23 12 393 407
23 12 372 386
23 13 386 398
23 13 375 388
23 13 366 378
23 14 387 403
23 14 408 424
23 14 397 413
23 15 406 419
23 15 385 398
23 15 396 412
23 16 393 405
23 16 403 416
23 16 379 395
23 17 371 388
23 18 385 397
23 18 365 380
23 19 404 416
23 19 415 429
23 19 880 893
23 19 867 882
23 19 425 440
23 19 857 870
23 20 402 413
23 20 392 403
23 20 382 393
23 21 398 409
23 21 379 389
23 21 388 399
24 11 386 409
24 12 375 396
24 13 367 388
24 14 386 403
24 15 401 422
24 15 390 412
24 16 393 415
24 17 375 398
24 18 375 397
24 18 365 386
24 19 426 444
24 19 404 427
24 19 415 439
24 19 868 892
24 20 392 413
24 21 388 409
25 11 267 291
25 11 227 251
25 12 265 288
25 12 226 249
25 13 258 282
25 13 220 243
25 14 282 305
25 14 246 267
25 15 238 265
25 15 283 306
25 16 275 298
25 16 237 262
25 17 269 292
25 17 231 256
25 18 257 281
25 18 214 235
25 19 686 719
25 19 239 271
25 19 737 767
25 19 289 318
25 20 274 298
25 20 235 257
25 21 232 258
25 21 270 295
26 11 132 147
26 11 174 188
26 12 129 145
26 12 170 185
26 13 125 140
26 13 165 179
26 14 187 202
26 14 147 163
26 15 146 162
26 15 186 201
26 16 143 159
26 16 182 198
26 17 139 154
26 17 177 192
26 18 163 177
26 18 128 142
26 19 591 607
26 19 144 160
26 19 630 646
26 19 184 199
26 20 180 195
26 20 142 157
26 21 138 152
26 21 178 192
27 11 130 147
27 11 171 187
27 12 127 144
27 12 168 185
27 13 124 142
27 13 162 181
27 14 185 203
27 14 146 163
27 15 184 202
27 15 144 162
27 16 142 160
27 16 181 199
27 17 138 155
27 17 176 189
27 18 126 142
27 18 162 178
27 19 182 200
27 19 143 161
27 19 628 646
27 19 589 607
27 20 179 197
27 20 140 158
27 21 175 193
27 21 135 153
28 11 217 233
28 11 256 273
28 12 255 271
28 12 214 232
28 13 241 257
28 13 208 226
28 14 225 245
28 14 265 281
28 15 227 244
28 15 272 289
28 16 257 272
28 16 220 233
28 17 259 275
28 17 251 266
28 18 238 256
28 18 202 220
28 19 674 694
28 19 226 247
28 19 278 297
28 19 725 745
28 20 255 273
28 20 222 241
28 21 253 269
28 21 219 238
29 11 269 289
29 11 230 249
29 12 267 286
29 12 227 247
29 13 260 279
29 13 221 241
29 14 248 264
29 14 283 302
29 15 285 303
29 15 240 262
29 16 239 257
29 16 278 294
29 17 234 250
29 17 271 289
29 18 260 279
29 18 216 238
29 19 292 314
29 19 689 715
29 19 740 763
29 19 241 269
29 20 276 295
29 20 237 255
29 21 234 253
29 21 272 292
30 11 332 342
30 11 290 302
30 12 288 299
30 12 330 341
30 13 323 333
30 13 282 293
30 14 305 317
30 14 344 356
30 15 305 317
30 15 344 356
30 16 338 349
30 16 297 310
30 17 331 342
30 17 292 303
30 18 281 292
30 18 322 333
30 19 360 371
30 19 766 778
30 19 318 329
30 19 811 822
30 20 309 319
30 20 297 310
30 21 335 346
30 21 294 306
31 11 313 332
31 11 353 373
31 12 351 370
31 12 311 330
31 13 304 320
31 13 344 362
31 14 329 343
31 14 369 384
31 15 367 382
31 15 329 344
31 16 321 338
31 16 360 377
31 17 314 331
31 17 351 370
31 18 343 363
31 18 302 321
31 19 382 402
31 19 835 855
31 19 789 810
31 19 340 359
31 20 360 378
31 20 320 338
31 21 317 335
31 21 357 374
32 9 235 243
32 9 262 276
32 10 174 184
32 10 188 199
32 11 26 37
32 11 48 58
32 11 58 70
32 12 35 44
32 12 46 54
32 12 24 36
32 13 30 40
32 13 41 52
32 13 51 62
32 13 20 30
32 14 51 61
32 14 73 82
32 14 41 51
32 14 62 72
32 15 50 61
32 15 39 50
32 15 72 82
32 15 61 71
32 16 60 70
32 16 40 50
32 16 50 60
32 17 56 66
32 17 36 46
32 17 66 76
32 18 24 35
32 18 55 65
32 18 45 55
32 19 472 484
32 19 23 35
32 19 484 495
32 19 59 70
32 19 36 47
32 19 47 59
32 19 495 507
32 19 507 519
32 20 58 68
32 20 69 78
32 20 48 58
32 20 37 49
32 21 31 42
32 21 42 52
32 21 63 73
33 11 392 402
33 11 382 391
33 11 403 414
33 11 373 381
33 12 380 389
33 12 390 401
33 12 370 379
33 12 402 412
33 13 362 371
33 13 393 402
33 13 382 391
33 13 372 381
33 14 385 396
33 14 407 416
33 14 396 406
33 14 417 427
33 15 384 394
33 15 405 415
33 15 416 425
33 15 395 404
33 16 378 387
33 16 397 408
33 16 407 419
33 17 370 380
33 17 399 413
33 18 369 379
33 18 390 398
33 19 420 431
33 19 856 862
33 19 874 885
33 19 431 442
33 20 378 386
33 20 387 396
33 20 396 406
33 20 406 417
33 21 374 383
33 21 403 413
33 21 392 402
33 21 383 392
34 11 392 413
34 11 373 391
34 12 380 400
34 13 362 381
34 13 372 391
34 14 385 405
34 14 407 426
34 15 384 404
34 15 405 425
34 16 378 397
34 16 397 419
34 17 370 389
34 17 399 419
34 18 369 389
34 19 409 431
34 19 874 897
34 19 856 873
34 20 378 396
34 21 374 392
35 11 100 110
35 11 110 120
35 11 120 129
35 11 91 99
35 12 108 117
35 12 97 107
35 12 89 97
35 12 117 126
35 13 152 161
35 13 192 201
35 13 103 112
35 13 182 191
35 13 93 102
35 13 83 93
35 13 113 122
35 14 106 114
35 14 115 124
35 14 125 134
35 14 135 144
35 15 114 123
35 15 104 113
35 15 124 133
35 15 134 143
35 16 103 112
35 16 132 141
35 16 122 132
35 16 113 122
35 16 171 179
35 16 210 220
35 17 108 117
35 17 128 136
35 17 204 214
35 17 117 127
35 17 98 108
35 17 166 174
35 18 95 104
35 18 115 125
35 18 85 94
35 18 105 114
35 19 104 116
35 19 552 563
35 19 116 128
35 19 575 587
35 19 564 575
35 19 93 103
35 19 541 551
35 19 129 140
35 20 130 139
35 20 101 109
35 20 110 119
35 20 120 129
35 21 125 134
35 21 95 105
35 21 115 125
35 21 105 115
36 11 100 119
36 11 110 129
36 12 108 126
36 13 182 201
36 13 93 112
36 13 143 161
36 13 103 122
36 14 106 124
36 14 125 144
36 15 114 133
36 15 134 153
36 16 103 122
36 16 122 141
36 16 162 179
36 16 200 219
36 17 108 127
36 17 195 214
36 17 157 174
36 18 85 104
36 18 95 114
36 19 104 128
36 19 564 586
36 19 552 575
36 19 93 116
36 20 101 119
36 20 120 139
36 21 115 134
36 21 95 115
37 11 17 26
37 12 14 20
37 12 6 15
37 13 10 20
37 13 1 10
37 14 22 31
37 14 31 41
37 15 30 40
37 15 21 30
37 16 30 40
37 16 22 30
37 17 26 36
37 17 18 26
37 18 5 15
37 18 15 24
37 19 13 23
37 19 3 13
37 19 451 461
37 19 461 472
37 20 20 37
37 21 14 31
38 11 1 23
38 12 6 25
38 13 1 20
38 14 22 41
38 15 21 40
38 16 22 40
38 17 18 37
38 18 5 25
38 19 3 24
38 19 451 472
38 20 1 38
38 21 14 42
39 11 342 351
39 11 290 302
39 11 333 342
39 11 302 312
39 12 288 298
39 12 299 308
39 12 330 341
39 12 341 350
39 13 282 293
39 13 323 333
39 13 333 343
39 13 293 303
39 14 305 316
39 14 317 326
39 15 345 356
39 15 305 316
39 15 317 327
39 16 339 348
39 16 298 310
39 17 341 351
39 17 292 303
39 18 281 292
39 18 322 333
39 19 361 371
39 19 767 778
39 19 318 329
39 19 811 823
39 19 777 788
39 19 822 834
39 20 309 319
39 20 339 349
39 20 298 310
39 21 336 345
39 21 306 315
39 21 294 306
40 11 333 351
40 11 290 312
40 12 288 308
40 12 330 351
40 13 323 343
40 13 282 303
40 14 345 366
40 15 305 327
40 16 339 360
40 16 298 321
40 17 332 352
40 17 292 314
40 18 281 296
40 18 322 338
40 19 361 381
40 19 767 788
40 19 318 339
40 19 811 834
40 20 298 319
40 20 339 359
40 21 294 315
41 11 397 409
41 11 376 388
41 12 384 397
41 12 374 386
41 12 395 410
41 13 362 382
41 13 375 398
41 14 391 402
41 14 412 422
41 14 401 413
41 14 385 396
41 15 389 401
41 15 400 414
41 15 410 424
41 16 378 385
41 16 382 397
41 16 403 419
41 17 371 379
41 17 396 419
41 18 395 405
41 18 385 400
41 18 375 390
41 19 404 415
41 19 868 880
41 19 891 899
41 19 879 897
41 19 425 442
41 19 414 431
41 19 857 874
41 20 380 406
41 21 375 392
42 11 376 397
42 12 384 406
42 13 362 387
42 14 391 412
42 15 389 410
42 16 382 403
42 17 371 385
42 18 375 395
42 19 414 437
42 19 404 425
42 19 868 896
42 19 857 880
42 20 380 401
42 21 388 408
42 21 375 397
43 11 227 250
43 11 266 290
43 12 264 287
43 12 225 248
43 13 219 242
43 13 257 281
43 14 245 266
43 14 282 304
43 15 282 304
43 15 237 264
43 16 236 259
43 16 274 296
43 17 268 291
43 17 230 253
43 18 213 240
43 18 255 281
43 19 686 718
43 19 239 271
43 19 286 309
43 19 735 765
43 20 273 297
43 20 234 256
43 21 231 255
43 21 270 293
44 7 94 114
44 8 99 113
44 22 137 155
44 22 98 110
44 23 101 112
44 23 140 151
44 24 120 137
44 24 81 99
44 25 136 153
44 25 97 113
44 26 142 154
44 26 104 115
44 27 140 158
44 27 102 114
44 28 139 155
44 28 101 117
44 29 139 154
44 29 101 117
44 30 99 114
44 30 136 152
44 31 97 113
44 31 135 151
44 32 102 118
44 32 139 157
44 33 100 117
44 33 138 154
45 22 236 249
45 22 428 441
45 22 255 268
45 22 446 459
45 23 431 445
45 23 238 251
45 23 447 464
45 23 253 270
45 24 413 429
45 24 220 235
45 24 243 254
45 24 433 449
45 25 421 435
45 25 232 248
45 25 438 455
45 25 250 266
45 26 240 258
45 26 261 276
45 26 452 473
45 26 432 449
45 27 239 256
45 27 259 274
45 27 430 448
45 27 450 469
45 28 238 251
45 28 428 443
45 28 254 270
45 28 447 463
45 29 237 250
45 29 427 442
45 29 253 269
45 29 447 465
45 30 423 439
45 30 442 459
45 30 252 268
45 30 224 249
45 31 426 440
45 31 234 246
45 31 251 265
45 31 444 461
45 32 235 250
45 32 426 441
45 32 444 463
45 32 254 270
45 33 422 437
45 33 233 248
45 33 441 461
45 33 252 268
45 82 322 333
45 83 326 336
45 85 318 335
45 86 317 334
45 87 324 338
45 88 323 340
45 89 323 332
45 92 325 338
45 93 322 334
45 94 324 332
45 95 182 196
45 96 315 335
45 98 326 340
45 99 322 334
45 100 169 183
45 101 321 335
45 103 326 335
45 106 1 13
45 107 243 259
45 108 311 323
45 109 325 334
45 110 320 333
45 111 330 338
45 112 318 334
45 113 323 332
45 114 324 333
45 115 310 334
46 22 321 345
46 24 392 411
46 24 315 333
46 25 324 341
46 25 399 417
46 26 413 430
46 26 336 353
46 27 411 428
46 27 333 351
46 28 405 425
46 28 329 348
46 29 404 424
46 29 327 347
46 30 401 419
46 30 320 343
46 31 404 422
46 31 327 345
46 32 404 422
46 32 328 346
46 33 398 418
46 33 324 343
47 22 254 267
47 22 446 459
47 22 427 440
47 22 232 249
47 23 431 445
47 23 450 464
47 23 256 270
47 23 235 251
47 24 432 449
47 24 238 254
47 24 223 235
47 24 415 429
47 25 438 455
47 25 250 266
47 25 424 435
47 25 236 248
47 26 450 473
47 26 260 276
47 26 239 258
47 26 431 449
47 27 237 256
47 27 449 469
47 27 258 275
47 27 429 448
47 28 254 270
47 28 447 463
47 28 426 444
47 28 226 251
47 29 253 270
47 29 425 444
47 29 447 465
47 29 224 249
47 30 252 268
47 30 420 437
47 30 442 459
47 30 224 247
47 31 251 267
47 31 425 440
47 31 443 461
47 31 231 248
47 32 254 270
47 32 444 462
47 32 423 440
47 32 231 250
47 33 419 436
47 33 233 248
47 33 440 459
47 33 252 268
47 80 324 339
47 81 322 335
47 82 323 333
47 84 314 334
47 85 319 334
47 86 312 334
47 87 324 338
47 88 322 340
47 89 323 332
47 91 316 333
47 92 322 338
47 93 321 334
47 96 315 335
47 97 315 337
47 98 322 339
47 99 170 183
47 100 313 336
47 101 321 335
47 103 326 335
47 105 316 333
47 107 323 341
47 108 307 323
47 109 324 334
47 111 330 338
47 112 320 334
47 113 323 332
47 114 324 333
47 115 314 333
48 7 94 116
48 8 99 113
48 22 98 116
48 22 200 213
48 23 140 151
48 23 100 115
48 24 81 99
48 24 119 138
48 25 97 112
48 25 136 153
48 26 142 159
48 26 104 122
48 27 103 120
48 27 140 158
48 28 101 117
48 28 140 155
48 29 102 117
48 29 140 154
48 30 137 152
48 30 99 114
48 31 136 151
48 31 98 113
48 32 102 118
48 32 139 157
48 33 139 155
48 33 101 117
49 22 254 269
49 22 239 250
49 22 431 443
49 22 445 463
49 23 435 447
49 23 450 467
49 23 256 272
49 23 235 252
49 24 431 447
49 24 236 253
49 24 217 234
49 24 412 429
49 25 235 247
49 25 249 265
49 25 437 453
49 25 422 435
49 26 264 275
49 26 450 468
49 26 239 257
49 26 431 448
49 27 258 273
49 27 237 255
49 27 449 469
49 27 429 447
49 28 452 463
49 28 239 250
49 28 252 269
49 28 426 443
49 29 239 250
49 29 252 269
49 29 425 443
49 29 446 465
49 30 251 267
49 30 441 459
49 30 421 438
49 30 233 249
49 31 236 247
49 31 249 266
49 31 443 459
49 31 423 440
49 32 260 269
49 32 429 441
49 32 443 463
49 32 233 250
49 33 426 437
49 33 250 268
49 33 236 248
49 33 439 458
49 80 330 340
49 81 322 336
49 82 323 334
49 83 327 335
49 85 319 335
49 87 324 337
49 88 322 338
49 89 322 333
49 91 324 334
49 92 328 338
49 93 324 335
49 94 324 333
49 96 323 336
49 97 231 250
49 98 328 340
49 101 322 335
49 103 326 335
49 104 326 338
49 109 323 335
49 111 330 338
49 112 326 334
49 113 323 332
49 114 324 333
49 115 317 335
50 22 328 338
50 22 405 415
50 23 410 419
50 23 332 342
50 24 314 322
50 24 392 400
50 25 399 406
50 25 323 332
50 26 336 344
50 26 413 421
50 27 411 418
50 27 333 341
50 28 330 338
50 28 408 416
50 29 406 414
50 29 329 337
50 30 327 334
50 30 403 410
50 31 327 335
50 31 404 412
50 32 405 413
50 32 328 337
50 33 401 408
50 33 326 335
51 26 413 429
51 26 336 353
51 27 411 428
51 27 333 351
51 28 405 425
51 28 329 348
51 29 406 424
51 29 326 347
51 30 403 419
51 30 324 343
51 31 404 422
51 31 326 345
51 32 328 345
51 32 402 422
51 33 401 418
51 33 321 343
52 22 259 269
52 22 236 252
52 22 427 443
52 22 450 465
52 23 431 448
52 23 238 252
52 24 220 234
52 24 413 429
52 25 239 248
52 25 250 265
52 25 420 435
52 25 438 455
52 26 240 257
52 26 453 470
52 26 433 449
52 26 261 276
52 27 239 256
52 27 430 448
52 27 259 274
52 28 429 443
52 29 238 250
52 29 428 443
52 29 253 269
52 30 252 267
52 31 426 440
52 31 251 267
52 32 427 441
52 32 449 463
52 32 254 269
52 32 235 250
52 32 274 290
53 34 192 216
53 35 186 204
53 36 172 195
53 36 55 67
53 37 165 190
53 37 154 170
53 38 164 190
53 39 168 188
53 40 165 190
53 41 168 192
53 42 164 189
53 43 171 194
53 44 170 195
53 45 167 192
53 46 170 193
53 47 165 188
53 47 155 176
53 48 165 190
53 48 156 177
53 49 165 187
53 49 212 226
54 34 265 290
54 35 259 286
54 36 243 270
54 37 238 264
54 38 237 262
54 39 238 263
54 40 240 264
54 41 237 257
54 42 236 259
54 43 242 268
54 44 242 268
54 45 240 267
54 46 240 260
54 47 236 261
54 48 238 261
54 49 238 263
54 49 30 43
55 34 313 338
55 35 310 333
55 36 291 317
55 37 287 312
55 38 287 311
55 39 286 311
55 40 288 312
55 41 286 310
55 42 285 308
55 43 290 314
55 44 293 314
55 45 289 312
55 46 292 313
55 47 286 307
55 47 271 291
55 48 286 310
55 48 88 105
55 49 288 309
55 50 1 16
56 34 50 64
56 34 279 290
56 34 261 272
56 35 44 58
56 35 257 267
56 35 276 286
56 36 30 43
56 36 259 270
56 36 240 253
56 37 24 37
56 37 252 264
56 37 235 250
56 38 253 262
56 38 230 248
56 38 22 40
56 39 235 249
56 39 27 40
56 40 249 260
56 40 237 250
56 41 27 45
56 41 231 249
56 41 252 262
56 42 28 43
56 42 232 255
56 43 28 41
56 43 257 268
56 43 235 250
56 44 27 41
56 44 257 268
56 44 239 254
56 45 27 41
56 45 255 266
56 45 250 259
56 45 237 251
56 46 26 39
56 46 237 248
56 46 256 267
56 47 251 261
56 47 23 41
56 48 252 260
56 48 26 41
56 49 27 40
56 49 253 263
56 49 242 255
56 49 225 248
56 80 250 258
56 80 171 180
56 81 167 176
56 81 247 255
56 82 244 254
56 83 245 254
56 84 245 251
56 85 246 253
56 87 247 255
56 88 249 258
56 89 239 255
56 90 244 255
56 91 165 174
56 91 246 253
56 92 171 179
56 92 250 257
56 93 247 254
56 93 168 176
56 94 246 254
56 95 250 258
56 96 245 253
56 97 247 255
56 98 241 256
56 99 245 253
56 100 243 253
56 101 166 175
56 101 245 253
56 101 157 172
56 102 168 177
56 102 248 257
56 103 246 254
56 103 167 173
56 104 249 255
56 105 164 171
56 105 245 252
56 106 166 176
56 106 248 254
56 107 252 258
56 107 170 179
56 108 238 245
56 109 245 252
56 110 244 252
56 111 253 260
56 111 172 181
56 112 247 255
56 112 168 176
56 113 166 175
56 113 246 255
56 114 246 255
56 114 167 175
56 115 244 252
56 115 165 173
57 3 31 48
57 6 77 106
57 6 21 45
57 10 204 219
57 33 266 288
57 35 39 52
57 35 270 288
57 35 87 110
57 36 348 365
57 36 134 147
57 37 22 34
57 38 323 339
57 39 335 357
57 40 337 360
57 40 136 156
57 41 330 358
57 42 333 357
57 43 344 364
57 43 334 352
57 44 335 353
57 45 346 364
57 45 334 352
57 45 134 148
57 46 345 364
57 47 333 356
57 47 326 345
57 48 337 360
57 48 330 349
57 49 335 359
58 34 115 134
58 36 79 103
58 36 128 170
58 37 60 97
58 37 122 163
58 39 91 110
58 44 67 104
58 45 66 99
58 46 66 100
58 47 66 103
59 50 1 24
59 50 180 202
59 50 46 66
59 51 1 27
59 51 182 204
59 51 49 69
59 52 182 205
59 52 1 29
59 52 48 70
59 53 179 204
59 53 1 28
59 54 179 202
59 54 1 27
59 55 178 202
59 55 1 29
59 56 177 200
59 56 1 29
59 57 177 200
59 57 1 30
59 58 179 201
59 58 1 28
59 59 1 28
59 59 178 204
59 60 1 28
59 60 179 204
59 61 186 210
59 61 1 32
59 62 1 30
59 62 183 207
59 63 180 202
59 63 1 28
59 64 177 202
59 64 1 28
60 11 334 353
60 12 293 311
60 12 331 351
60 15 346 367
60 19 362 383
60 19 814 836
60 20 341 360
60 20 299 321
60 21 337 351
60 21 296 312
60 22 123 137
60 23 126 139
60 25 76 97
60 32 88 102
60 33 88 101
60 50 281 309
60 50 104 131
60 50 329 350
60 50 152 173
60 51 106 134
60 51 283 312
60 51 331 353
60 51 145 165
60 51 122 147
60 52 324 343
60 52 147 166
60 52 157 181
60 52 106 136
60 52 282 313
60 53 331 355
60 53 146 165
60 53 104 136
60 53 280 311
60 54 112 134
60 54 145 163
60 54 278 310
60 54 299 320
60 54 330 354
60 54 319 337
60 55 113 134
60 55 278 307
60 55 327 353
60 55 155 186
60 56 112 133
60 56 145 163
60 56 315 337
60 56 275 306
60 57 312 333
60 57 104 134
60 57 274 305
60 57 141 163
60 58 321 343
60 58 144 166
60 58 103 125
60 58 281 309
60 59 143 166
60 59 105 133
60 59 279 301
60 59 332 351
60 59 321 342
60 60 144 166
60 60 105 135
60 60 321 343
60 60 283 311
60 61 111 142
60 62 149 170
60 62 284 312
60 62 325 346
60 62 106 128
60 62 128 149
60 63 106 133
60 63 321 340
60 63 147 166
60 63 279 299
60 63 300 320
60 63 125 147
60 63 157 177
60 64 319 333
60 64 145 165
60 64 105 133
60 64 298 318
60 64 124 144
61 10 219 240
61 10 1 10
61 11 343 353
61 11 334 343
61 13 113 128
61 13 11 22
61 13 153 166
61 13 83 97
61 14 318 327
61 14 306 318
61 19 589 599
61 19 143 153
61 21 126 135
61 22 123 132
61 23 125 136
61 23 179 192
61 25 83 95
61 26 128 137
61 27 126 139
61 33 124 133
61 50 329 340
61 50 162 173
61 50 297 309
61 50 151 163
61 50 120 132
61 50 339 351
61 50 110 121
61 50 320 330
61 50 142 152
61 50 287 298
61 51 154 165
61 51 342 354
61 51 332 343
61 51 301 311
61 51 165 175
61 51 122 134
61 51 291 301
61 51 144 154
61 51 113 123
61 52 122 137
61 52 340 357
61 52 330 343
61 52 164 181
61 53 290 300
61 53 297 310
61 53 339 354
61 53 93 114
61 53 163 178
61 54 122 134
61 54 287 298
61 54 153 162
61 54 296 314
61 54 329 339
61 54 162 178
61 55 122 134
61 55 324 336
61 55 293 307
61 55 335 349
61 55 163 177
61 56 119 133
61 56 151 163
61 56 161 176
61 56 330 343
61 56 290 308
61 57 120 134
61 57 289 305
61 57 319 333
61 57 130 150
61 58 114 125
61 58 144 156
61 58 321 332
61 58 154 166
61 58 164 178
61 58 123 138
61 58 299 314
61 59 114 124
61 59 290 301
61 59 153 165
61 59 164 176
61 59 142 156
61 59 331 342
61 59 340 361
61 60 289 301
61 60 145 156
61 60 154 166
61 60 165 178
61 60 123 130
61 60 299 315
61 61 120 132
61 62 117 128
61 62 323 336
61 63 114 125
61 63 123 147
61 63 328 352
61 64 295 307
61 64 114 124
61 64 152 165
62 22 23 36
62 23 25 35
62 50 186 202
62 50 9 25
62 51 189 205
62 51 11 28
62 52 13 29
62 52 188 206
62 53 188 204
62 53 12 28
62 54 186 202
62 54 11 28
62 55 187 202
62 55 13 29
62 56 183 200
62 56 12 29
62 57 183 200
62 57 13 30
62 58 188 205
62 58 12 28
62 59 188 204
62 59 14 29
62 60 189 204
62 60 13 28
62 61 194 210
62 61 18 34
62 62 15 31
62 62 193 207
62 63 188 202
62 63 14 27
62 64 187 203
62 64 13 28
63 34 71 86
63 35 66 80
63 36 51 65
63 37 46 59
63 38 47 61
63 39 48 62
63 40 47 62
63 41 48 63
63 42 49 62
63 43 48 63
63 44 49 63
63 45 48 62
63 46 47 62
63 47 47 62
63 48 48 70
63 49 47 62
63 50 205 222
63 50 28 45
63 50 247 258
63 50 70 81
63 51 30 48
63 51 207 225
63 51 71 84
63 51 249 260
63 52 32 46
63 52 207 223
63 52 249 273
63 52 72 97
63 53 31 46
63 53 206 221
63 53 248 271
63 53 72 96
63 54 31 46
63 54 205 220
63 54 246 269
63 54 71 88
63 55 203 219
63 55 31 48
63 55 72 96
63 55 245 270
63 56 31 47
63 56 243 265
63 56 202 222
63 56 71 96
63 57 201 218
63 57 32 47
63 57 242 265
63 58 31 47
63 58 208 224
63 58 72 86
63 58 246 262
63 59 33 47
63 59 207 223
63 59 246 263
63 59 74 97
63 60 74 86
63 60 32 48
63 60 208 224
63 60 249 262
63 61 41 55
63 61 217 231
63 61 257 267
63 61 82 102
63 62 37 52
63 62 254 265
63 62 213 227
63 62 78 98
63 63 73 85
63 63 207 223
63 63 247 259
63 63 32 49
63 64 206 222
63 64 246 257
63 64 31 48
63 64 71 85
64 50 281 309
64 50 105 132
64 50 329 350
64 50 151 173
64 51 107 134
64 51 283 312
64 51 331 353
64 51 153 175
64 52 324 343
64 52 290 314
64 52 113 137
64 52 147 181
64 53 289 310
64 53 322 341
64 53 105 138
64 53 146 178
64 54 111 137
64 54 299 320
64 54 278 311
64 54 321 352
64 55 278 307
64 55 318 349
64 55 93 124
64 56 111 136
64 56 282 306
64 56 145 176
64 56 324 351
64 57 111 134
64 57 274 304
64 57 312 344
64 57 141 173
64 58 321 343
64 58 143 166
64 58 282 314
64 59 143 166
64 59 282 314
64 59 322 342
64 60 144 166
64 60 321 343
64 60 283 314
64 60 106 145
64 61 328 350
64 61 116 153
64 61 288 329
64 61 340 367
64 62 139 160
64 62 114 142
64 62 315 336
64 62 220 247
64 63 125 147
64 63 280 320
64 63 321 357
64 64 279 312
64 64 298 329
64 64 328 357
65 50 247 261
65 50 70 84
65 50 205 224
65 50 28 49
65 51 71 86
65 51 249 264
65 51 207 219
65 51 30 52
65 52 207 224
65 52 24 48
65 52 241 267
65 52 65 91
65 53 32 48
65 53 65 86
65 53 240 267
65 53 199 223
65 54 31 50
65 54 238 265
65 54 71 97
65 54 197 222
65 55 30 49
65 55 197 221
65 55 65 87
65 55 244 271
65 56 70 97
65 56 241 267
65 56 24 48
65 57 201 220
65 57 235 256
65 57 26 49
65 57 65 86
65 58 209 226
65 58 32 49
65 58 71 90
65 58 246 267
65 59 74 88
65 59 208 225
65 59 248 265
65 59 33 49
65 60 74 88
65 60 208 226
65 60 249 267
65 60 32 50
65 61 82 94
65 61 257 270
65 61 217 233
65 61 41 57
65 62 254 268
65 62 78 92
65 62 36 53
65 62 213 229
65 63 247 262
65 63 73 88
65 63 207 219
65 63 32 53
65 64 246 260
65 64 72 87
65 64 206 224
65 64 31 50
66 60 144 166
66 60 216 228
66 60 161 182
66 60 105 136
66 61 154 173
66 61 118 142
66 61 224 236
66 61 47 58
66 62 291 314
66 62 114 137
66 62 325 346
66 62 149 169
66 63 282 309
66 63 106 135
66 63 330 349
66 63 145 165
66 64 113 132
66 64 319 339
66 64 280 308
66 64 213 226
66 65 294 312
66 65 94 113
66 65 259 274
66 65 1 33
66 66 83 99
66 66 251 262
66 66 1 22
66 66 193 214
66 67 71 103
66 67 266 294
66 67 236 252
66 67 1 25
66 68 240 253
66 68 72 105
66 68 268 295
66 68 206 227
66 69 81 106
66 69 168 183
66 69 136 151
66 69 213 237
66 70 270 294
66 70 76 102
66 70 132 151
66 70 147 168
66 71 241 255
66 71 184 200
66 71 72 88
66 71 207 219
66 72 184 201
66 72 72 99
66 72 238 254
66 72 208 229
66 73 74 93
66 73 267 283
66 73 54 66
66 73 207 227
66 74 73 90
66 74 263 278
66 74 94 116
66 74 104 126
67 50 179 202
67 50 1 25
67 51 182 205
67 51 1 28
67 52 182 206
67 52 1 30
67 53 179 203
67 53 1 28
67 54 179 201
67 54 1 28
67 55 1 28
67 55 178 201
67 56 177 199
67 56 1 28
67 57 177 199
67 57 1 30
67 58 1 26
67 58 179 203
67 59 179 202
67 59 1 28
67 60 1 25
67 60 179 202
67 61 1 34
67 61 186 210
67 62 1 30
67 62 186 206
67 63 1 28
67 63 181 203
67 64 181 202
67 64 1 28
68 50 145 151
68 50 323 329
68 50 291 296
68 50 114 119
68 51 336 342
68 51 305 312
68 51 294 299
68 51 340 352
68 52 117 124
68 52 293 301
68 52 153 166
68 52 340 354
68 53 290 299
68 53 113 123
68 53 297 310
68 53 145 155
68 54 290 298
68 54 161 175
68 54 141 153
68 54 151 163
68 55 145 154
68 55 334 346
68 55 293 306
68 55 161 175
68 56 151 163
68 56 162 173
68 56 285 292
68 56 144 153
68 56 112 121
68 56 320 333
68 57 142 151
68 57 322 332
68 57 119 133
68 57 148 161
68 58 330 342
68 58 340 353
68 58 325 332
68 58 154 166
68 59 340 352
68 59 163 176
68 59 329 341
68 59 289 300
68 60 220 228
68 60 154 166
68 60 118 125
68 60 164 178
68 61 338 349
68 61 162 173
68 61 306 317
68 61 347 361
68 61 131 142
68 61 327 339
68 61 297 307
68 61 120 131
68 62 159 169
68 62 303 313
68 62 169 182
68 62 293 304
68 62 127 138
68 62 345 357
68 62 335 346
68 62 116 128
68 63 164 176
68 63 328 340
68 63 289 299
68 63 339 350
68 63 153 166
68 63 114 124
68 63 121 135
68 63 296 308
68 64 154 164
68 64 164 174
68 64 328 339
68 64 336 350
68 64 294 308
68 64 144 154
68 64 318 329
68 64 121 133
69 50 179 202
69 50 1 25
69 51 182 205
69 51 1 28
69 52 182 206
69 52 1 30
69 53 179 204
69 53 1 28
69 54 1 28
69 54 179 204
69 55 178 203
69 55 1 30
69 56 177 200
69 56 1 30
69 57 177 201
69 57 1 31
69 58 1 27
69 58 179 203
69 59 179 203
69 59 1 29
69 60 1 28
69 60 179 203
69 61 1 34
69 61 186 211
69 62 186 207
69 62 1 31
69 63 1 29
69 63 181 204
69 64 181 203
69 64 1 29
70 50 245 260
70 50 203 225
70 50 68 80
70 50 26 46
70 51 29 48
70 51 70 83
70 51 247 260
70 51 206 228
70 52 206 228
70 52 71 96
70 52 23 52
70 52 239 272
70 53 29 51
70 53 197 227
70 53 238 265
70 53 63 95
70 54 203 224
70 54 243 269
70 54 21 50
70 54 61 94
70 55 202 226
70 55 29 52
70 55 63 95
70 55 236 268
70 56 29 51
70 56 69 95
70 56 194 221
70 56 233 262
70 57 24 52
70 57 194 222
70 57 233 262
70 57 63 95
70 58 207 226
70 58 72 87
70 58 247 263
70 58 30 48
70 59 205 225
70 59 31 51
70 59 71 86
70 59 247 264
70 60 73 86
70 60 206 226
70 60 248 263
70 60 30 50
70 61 212 235
70 61 35 58
70 61 253 271
70 61 74 93
70 62 208 232
70 62 31 53
70 62 247 266
70 62 72 89
70 63 31 52
70 63 206 225
70 63 245 261
70 63 71 95
70 64 30 50
70 64 205 226
70 64 245 259
70 64 69 86
71 50 248 261
71 50 206 216
71 50 71 84
71 50 29 50
71 51 72 86
71 51 250 263
71 51 31 49
71 51 208 220
71 52 250 264
71 52 74 87
71 52 208 219
71 52 33 48
71 53 32 47
71 53 207 218
71 53 72 86
71 53 248 263
71 54 247 261
71 54 31 47
71 54 206 221
71 54 72 97
71 55 32 49
71 55 204 220
71 55 73 88
71 55 245 260
71 56 32 48
71 56 203 218
71 56 72 87
71 56 243 257
71 57 33 48
71 57 203 219
71 57 242 257
71 57 73 87
71 58 74 91
71 58 210 226
71 58 250 267
71 58 33 49
71 59 75 90
71 59 34 48
71 59 208 225
71 59 249 266
71 60 251 268
71 60 209 225
71 60 33 50
71 60 75 91
71 61 218 232
71 61 259 270
71 61 83 95
71 61 42 59
71 62 214 229
71 62 255 268
71 62 79 92
71 62 38 53
71 63 248 263
71 63 74 88
71 63 207 225
71 63 33 53
71 64 73 88
71 64 247 260
71 64 207 223
71 64 32 50
72 1 46 70
72 22 1 22
72 23 1 24
72 26 1 27
72 27 1 26
72 28 1 23
72 29 1 23
72 30 1 23
72 31 1 20
72 32 1 25
72 33 1 24
72 65 35 70
72 65 300 318
72 65 119 151
72 66 21 45
72 66 104 125
72 66 286 306
72 67 12 42
72 67 90 122
72 67 271 300
72 68 13 38
72 68 82 121
72 68 273 295
72 69 98 122
72 69 22 41
72 69 280 298
72 70 17 46
72 70 86 114
72 70 276 294
72 71 12 41
72 71 82 117
72 71 274 296
72 72 12 38
72 72 82 119
72 72 275 296
72 73 105 128
72 73 1 40
72 73 271 294
72 74 1 37
72 74 102 122
72 74 270 286
72 75 10 38
72 75 81 122
72 75 273 294
72 76 12 39
72 76 83 118
72 76 276 295
72 77 15 39
72 77 84 118
72 77 273 294
72 78 85 117
72 78 9 42
72 78 271 293
72 79 16 36
72 79 97 117
72 79 275 295
73 65 238 274
73 65 222 240
73 65 62 107
73 66 211 228
73 66 226 262
73 67 49 90
73 67 217 250
73 68 50 89
73 68 219 250
73 68 191 216
73 69 59 93
73 69 224 255
73 69 197 222
73 70 55 86
73 70 221 251
73 70 193 218
73 71 51 85
73 71 218 255
73 71 191 216
73 72 220 252
73 72 50 77
73 72 192 217
73 73 52 87
73 73 211 247
73 74 53 84
73 74 212 247
73 75 213 251
73 75 189 216
73 75 66 85
73 76 215 251
73 76 193 217
73 77 218 251
73 77 51 83
73 78 52 84
73 78 191 215
73 79 222 252
73 79 52 83
74 82 1 25
74 82 126 144
74 82 46 65
74 82 92 105
74 83 1 24
74 83 45 64
74 83 86 104
74 83 131 143
74 84 48 65
74 84 1 27
74 84 87 104
74 84 121 144
74 85 48 66
74 85 126 144
74 85 88 104
74 85 1 27
74 86 50 68
74 86 1 29
74 86 89 107
74 86 127 146
74 87 1 26
74 87 46 65
74 87 126 144
74 87 87 105
74 88 49 67
74 88 130 147
74 88 1 27
74 88 85 106
74 89 48 66
74 89 89 105
74 89 126 144
74 89 1 27
74 90 125 143
74 90 88 105
74 90 47 65
74 90 1 27
74 94 45 65
74 94 1 19
74 94 86 104
74 94 124 143
74 95 47 66
74 95 89 106
74 95 15 27
74 95 127 146
74 96 1 23
74 96 44 63
74 96 86 103
74 96 115 142
74 97 1 24
74 97 87 103
74 97 122 143
74 97 41 64
74 98 126 145
74 98 1 26
74 98 47 65
74 98 88 105
74 99 1 26
74 99 87 104
74 99 46 65
74 99 116 144
74 100 1 27
74 100 47 66
74 100 88 105
74 100 126 145
74 108 6 24
74 108 86 102
74 108 122 140
74 108 46 64
74 109 4 27
74 109 127 145
74 109 48 67
74 109 88 105
74 110 8 26
74 110 126 143
74 110 47 66
74 110 87 104
75 80 13 31
75 80 32 52
75 80 111 130
75 80 90 110
75 81 10 28
75 81 108 127
75 81 28 48
75 81 87 108
75 82 166 183
75 82 183 203
75 83 167 184
75 83 185 208
75 84 167 186
75 84 186 207
75 85 187 209
75 85 168 187
75 86 169 188
75 86 188 210
75 87 169 187
75 87 188 209
75 88 189 211
75 88 170 188
75 89 168 185
75 89 184 205
75 90 167 184
75 90 183 204
75 91 86 105
75 91 104 125
75 91 28 46
75 91 8 27
75 92 13 31
75 92 91 110
75 92 30 51
75 92 109 130
75 93 10 28
75 93 106 127
75 93 89 107
75 93 27 47
75 94 167 185
75 94 184 205
75 95 189 208
75 95 170 188
75 96 167 185
75 96 186 208
75 97 168 187
75 97 187 210
75 98 169 187
75 98 186 209
75 99 186 206
75 99 168 185
75 100 186 209
75 100 168 186
75 101 105 124
75 101 7 24
75 101 24 48
75 101 82 99
75 102 9 27
75 102 90 108
75 102 26 50
75 102 107 130
75 103 9 26
75 103 106 126
75 103 86 107
75 103 27 50
75 104 94 111
75 104 16 34
75 104 34 56
75 104 112 134
75 105 108 129
75 105 90 108
75 105 27 53
75 105 10 28
75 106 8 26
75 106 27 48
75 106 107 128
75 106 87 106
75 107 10 28
75 107 112 133
75 107 93 111
75 107 29 50
75 108 181 199
75 108 169 180
75 109 170 186
75 109 186 206
75 110 167 185
75 110 185 205
75 111 13 31
75 111 31 50
75 111 114 134
75 111 93 114
75 112 89 107
75 112 9 26
75 112 108 127
75 112 33 46
75 113 7 25
75 113 87 106
75 113 107 126
75 113 32 46
75 114 27 46
75 114 6 26
75 114 107 126
75 114 87 107
75 115 27 47
75 115 106 126
75 115 86 106
75 115 6 27
76 80 13 51
76 80 90 131
76 81 10 51
76 81 87 128
76 82 166 206
76 83 167 208
76 84 167 206
76 85 168 204
76 86 169 205
76 87 169 208
76 88 170 207
76 89 168 205
76 90 167 205
76 91 86 125
76 91 8 45
76 92 13 50
76 92 91 129
76 93 89 126
76 93 10 47
76 94 167 204
76 95 181 207
76 96 167 204
76 97 168 206
76 98 169 201
76 99 168 207
76 100 168 209
76 101 7 47
76 101 97 127
76 102 9 47
76 102 101 130
76 103 9 50
76 103 86 129
76 104 94 129
76 104 16 51
76 105 90 128
76 105 10 48
76 106 87 127
76 106 8 40
76 107 93 131
76 107 10 48
76 108 169 198
76 109 170 205
76 110 167 204
76 111 93 133
76 111 23 49
76 112 9 45
76 112 89 126
76 113 87 125
76 113 7 45
76 114 6 45
76 114 87 126
76 115 6 46
76 115 86 125
77 80 172 190
77 80 250 266
77 81 168 187
77 81 247 266
77 82 245 264
77 83 245 265
77 84 246 264
77 85 246 263
77 86 249 264
77 87 248 266
77 88 249 267
77 89 246 264
77 90 248 264
77 91 166 185
77 91 246 264
77 92 171 190
77 92 250 268
77 93 168 186
77 93 247 263
77 94 249 264
77 95 250 267
77 96 245 262
77 97 248 265
77 98 248 266
77 99 245 262
77 100 246 263
77 101 248 263
77 101 173 184
77 102 249 268
77 102 176 187
77 103 247 266
77 103 168 186
77 104 251 267
77 104 172 189
77 105 167 185
77 105 246 263
77 106 167 186
77 106 249 267
77 107 252 269
77 107 171 189
77 108 239 256
77 109 246 263
77 110 244 273
77 111 253 272
77 111 172 191
77 112 173 187
77 112 248 266
77 113 167 186
77 113 246 265
77 114 246 267
77 114 167 186
77 115 166 183
77 115 244 263
78 80 172 202
78 80 251 280
78 81 168 198
78 81 247 277
78 82 245 283
78 83 245 285
78 84 246 280
78 85 246 282
78 86 249 281
78 87 248 277
78 88 256 278
78 89 246 281
78 90 248 279
78 91 166 195
78 91 246 275
78 92 171 201
78 92 250 281
78 93 168 198
78 93 247 275
78 94 249 282
78 95 250 279
78 96 245 277
78 97 248 280
78 98 248 278
78 99 245 274
78 100 246 275
78 101 173 196
78 101 252 282
78 102 176 206
78 102 249 286
78 103 247 284
78 103 168 204
78 104 251 284
78 104 172 201
78 105 246 281
78 105 167 201
78 106 167 196
78 106 249 277
78 107 252 280
78 107 171 202
78 108 239 267
78 109 246 276
78 110 244 274
78 111 253 290
78 111 172 209
78 112 171 201
78 112 248 285
78 113 167 204
78 113 246 280
78 114 246 278
78 114 167 198
78 115 173 196
78 115 244 279
79 22 195 205
79 23 158 168
79 24 177 187
79 26 160 171
79 27 199 209
79 33 156 166
79 80 189 209
79 80 268 287
79 80 51 64
79 80 130 143
79 81 266 285
79 81 186 203
79 81 127 140
79 81 44 60
79 82 256 283
79 82 203 216
79 83 256 284
79 83 221 236
79 84 263 282
79 84 67 85
79 84 145 163
79 84 283 311
79 85 257 277
79 85 146 165
79 85 67 86
79 85 283 312
79 86 263 282
79 86 147 166
79 86 69 86
79 86 292 313
79 87 264 281
79 87 220 241
79 88 260 282
79 88 225 240
79 89 260 283
79 89 220 237
79 90 257 281
79 90 221 237
79 91 263 280
79 91 184 203
79 92 268 287
79 92 189 208
79 93 264 283
79 93 185 205
79 94 258 282
79 94 216 234
79 95 260 285
79 95 219 238
79 96 255 281
79 96 219 236
79 96 144 165
79 96 66 85
79 97 257 284
79 98 266 286
79 98 146 162
79 98 67 87
79 99 262 278
79 99 145 165
79 99 66 86
79 100 146 163
79 100 255 279
79 100 67 85
79 101 179 202
79 101 256 283
79 101 142 156
79 101 38 56
79 102 180 206
79 102 260 280
79 102 277 287
79 102 143 159
79 103 179 205
79 103 257 284
79 103 126 139
79 103 63 78
79 104 264 283
79 104 188 206
79 104 130 142
79 104 68 83
79 105 262 279
79 105 184 204
79 105 63 79
79 105 282 311
79 105 205 232
79 106 179 204
79 106 59 79
79 106 139 159
79 106 258 283
79 107 184 208
79 107 146 164
79 107 67 82
79 107 262 289
79 108 255 273
79 108 141 157
79 108 65 81
79 109 263 281
79 109 69 84
79 109 147 163
79 110 262 280
79 110 145 162
79 110 67 85
79 111 183 209
79 111 263 292
79 111 49 61
79 111 145 163
79 112 180 205
79 112 258 284
79 113 177 203
79 113 256 280
79 113 121 135
79 113 41 55
79 114 257 283
79 114 177 203
79 114 47 76
79 114 127 155
79 115 176 200
79 115 256 281
79 115 41 57
79 115 282 311
79 115 202 234
80 80 290 329
80 80 212 249
80 80 191 208
80 80 271 287
80 81 289 324
80 81 208 246
80 81 268 284
80 81 188 205
80 82 286 321
80 82 67 83
80 82 266 283
80 83 288 325
80 83 67 84
80 83 145 164
80 84 285 318
80 84 265 281
80 85 285 317
80 86 71 87
80 86 286 315
80 87 68 85
80 87 148 165
80 87 287 324
80 88 149 166
80 88 288 327
80 89 71 87
80 89 286 320
80 89 149 166
80 89 266 282
80 90 286 319
80 90 69 86
80 90 148 165
80 91 207 238
80 91 286 318
80 92 210 235
80 92 290 322
80 93 286 315
80 93 208 242
80 94 68 84
80 94 285 323
80 94 146 163
80 95 149 166
80 95 289 327
80 96 68 84
80 96 146 164
80 96 284 321
80 97 147 164
80 97 286 321
80 98 289 326
80 98 70 86
80 98 268 285
80 99 68 85
80 99 148 164
80 99 284 319
80 100 294 322
80 100 69 86
80 100 148 164
80 100 265 281
80 101 286 321
80 101 206 242
80 102 211 246
80 102 290 321
80 103 288 324
80 103 208 239
80 104 289 323
80 104 210 244
80 105 287 318
80 105 207 242
80 106 219 242
80 106 290 315
80 107 212 245
80 107 303 327
80 108 67 84
80 108 144 161
80 108 276 309
80 109 149 166
80 109 286 309
80 110 147 164
80 110 287 316
80 111 295 327
80 111 212 244
80 112 208 239
80 112 288 321
80 113 286 318
80 113 207 242
80 114 286 323
80 114 206 239
80 115 284 314
80 115 204 242
81 82 7 25
81 82 125 144
81 82 87 105
81 82 52 64
81 83 45 64
81 83 6 24
81 83 86 103
81 83 124 143
81 84 48 65
81 84 86 104
81 84 5 27
81 85 126 144
81 85 87 104
81 85 47 66
81 85 1 26
81 86 51 68
81 86 89 107
81 86 1 29
81 86 127 146
81 87 126 144
81 87 1 26
81 87 46 65
81 87 86 105
81 88 49 66
81 88 129 146
81 88 1 26
81 88 85 106
81 89 126 144
81 89 89 105
81 89 48 66
81 89 1 27
81 90 125 143
81 90 88 105
81 90 1 26
81 90 47 65
81 94 1 25
81 94 45 65
81 94 86 104
81 94 124 143
81 95 1 26
81 95 46 66
81 95 88 106
81 95 126 146
81 96 1 23
81 96 41 63
81 96 120 142
81 96 86 103
81 97 87 103
81 97 1 24
81 97 42 63
81 97 122 143
81 98 126 144
81 98 1 26
81 98 48 64
81 99 87 103
81 99 1 26
81 99 46 65
81 99 122 144
81 100 1 26
81 100 47 63
81 100 127 145
81 108 8 23
81 108 86 102
81 108 122 140
81 108 46 64
81 109 127 145
81 109 6 27
81 109 49 67
81 109 88 105
81 110 9 26
81 110 48 65
81 110 126 143
81 110 87 103
82 80 190 209
82 80 269 287
82 80 299 322
82 80 223 247
82 81 187 205
82 81 266 285
82 81 218 240
82 81 297 316
82 82 65 86
82 82 145 163
82 82 284 313
82 83 65 84
82 83 144 159
82 83 286 320
82 84 144 163
82 84 68 84
82 84 284 315
82 85 68 85
82 85 145 165
82 85 284 311
82 86 69 86
82 86 149 165
82 86 283 313
82 87 66 85
82 87 145 166
82 87 286 322
82 88 67 84
82 88 147 167
82 88 300 324
82 89 67 87
82 89 145 166
82 89 293 318
82 90 66 86
82 90 144 165
82 90 284 319
82 91 205 235
82 91 284 317
82 91 185 203
82 91 264 282
82 92 219 239
82 92 269 286
82 92 190 207
82 92 288 322
82 93 265 283
82 93 284 320
82 93 186 204
82 93 206 239
82 94 63 85
82 94 284 316
82 94 131 163
82 95 268 285
82 95 56 81
82 95 137 163
82 95 288 324
82 96 62 85
82 96 141 164
82 96 282 313
82 96 263 280
82 97 142 165
82 97 63 85
82 97 285 315
82 97 265 283
82 98 267 285
82 98 65 86
82 98 286 320
82 99 65 85
82 99 262 279
82 99 143 164
82 99 282 319
82 100 67 87
82 100 263 280
82 100 294 313
82 100 144 164
82 101 284 321
82 101 215 238
82 101 184 201
82 102 209 237
82 102 288 317
82 102 268 282
82 103 285 320
82 103 206 240
82 103 187 204
82 104 287 318
82 104 209 241
82 104 268 283
82 105 283 313
82 105 216 242
82 105 263 279
82 106 286 318
82 106 207 240
82 106 186 203
82 107 222 247
82 107 302 325
82 107 270 288
82 108 65 84
82 108 141 161
82 108 256 273
82 108 275 309
82 109 68 87
82 109 146 165
82 109 264 282
82 109 284 315
82 110 146 164
82 110 66 84
82 110 263 280
82 110 282 313
82 111 294 328
82 111 211 244
82 111 272 290
82 111 191 209
82 112 206 239
82 112 298 318
82 112 187 204
82 112 267 283
82 113 217 237
82 113 285 320
82 113 186 203
82 113 265 280
82 114 210 235
82 114 284 318
82 114 267 283
82 114 186 203
82 115 184 201
82 115 202 234
82 115 282 312
82 115 263 281
83 82 126 144
83 82 87 105
83 82 1 25
83 82 46 65
83 83 125 143
83 83 86 104
83 83 1 25
83 83 45 64
83 84 87 104
83 84 5 27
83 84 49 66
83 84 126 144
83 85 127 144
83 85 88 104
83 85 1 27
83 85 49 66
83 86 90 107
83 86 51 68
83 86 1 29
83 86 128 146
83 87 127 144
83 87 87 105
83 87 47 65
83 87 1 27
83 88 130 147
83 88 86 106
83 88 50 67
83 88 1 27
83 89 89 105
83 89 127 144
83 89 48 66
83 89 1 27
83 90 88 105
83 90 125 143
83 90 48 65
83 90 1 27
83 94 1 25
83 94 125 143
83 94 87 104
83 94 45 65
83 95 1 27
83 95 47 66
83 95 89 105
83 95 127 147
83 96 1 23
83 96 45 63
83 96 125 142
83 96 86 103
83 97 1 25
83 97 87 104
83 97 46 64
83 97 126 143
83 98 1 26
83 98 127 144
83 98 88 105
83 98 48 64
83 99 1 26
83 99 87 103
83 99 46 65
83 99 126 144
83 100 1 27
83 100 127 144
83 100 47 65
83 100 88 105
83 108 46 63
83 108 123 139
83 108 4 24
83 108 86 101
83 109 127 145
83 109 49 66
83 109 3 27
83 109 88 105
83 110 9 26
83 110 127 142
83 110 48 66
83 110 88 104
84 80 1 50
84 80 91 129
84 81 1 47
84 81 86 126
84 82 165 202
84 83 166 203
84 84 166 203
84 85 167 204
84 86 168 205
84 87 167 206
84 88 168 207
84 89 167 203
84 90 166 204
84 91 1 45
84 91 84 124
84 92 89 129
84 92 1 50
84 93 1 46
84 93 86 126
84 94 165 204
84 95 169 207
84 96 166 204
84 97 167 206
84 98 168 206
84 99 167 205
84 100 167 204
84 101 85 123
84 101 1 43
84 102 89 126
84 102 1 46
84 103 1 45
84 103 83 125
84 104 1 51
84 104 68 129
84 105 1 48
84 105 65 125
84 106 1 45
84 106 83 124
84 107 1 48
84 107 89 131
84 108 163 198
84 109 169 205
84 110 166 204
84 111 1 49
84 111 107 133
84 112 1 45
84 112 87 126
84 113 1 45
84 113 85 125
84 114 1 45
84 114 86 125
84 115 85 125
84 115 1 47
85 80 13 30
85 80 32 50
85 80 110 129
85 80 90 110
85 81 9 28
85 81 28 47
85 81 87 106
85 81 108 126
85 82 182 202
85 82 166 182
85 83 167 183
85 83 183 203
85 84 167 183
85 84 183 203
85 85 168 184
85 85 184 204
85 86 169 186
85 86 188 205
85 87 169 186
85 87 188 206
85 88 170 187
85 88 188 207
85 89 185 203
85 89 168 184
85 90 183 204
85 90 167 183
85 91 8 26
85 91 28 45
85 91 104 124
85 91 86 104
85 92 109 129
85 92 31 50
85 92 91 109
85 92 13 30
85 93 10 27
85 93 89 106
85 93 106 126
85 93 27 46
85 94 184 204
85 94 166 185
85 95 189 207
85 95 169 187
85 96 184 204
85 96 167 185
85 97 187 206
85 97 168 185
85 98 186 206
85 98 169 186
85 99 184 205
85 99 168 184
85 100 186 204
85 100 167 184
85 101 83 103
85 101 103 123
85 101 22 43
85 101 7 22
85 102 87 107
85 102 9 26
85 102 108 126
85 102 26 46
85 103 86 106
85 103 9 25
85 103 106 125
85 103 26 45
85 104 34 51
85 104 110 129
85 104 15 32
85 104 87 110
85 105 27 48
85 105 106 125
85 105 10 27
85 106 25 45
85 106 8 25
85 106 84 105
85 106 105 124
85 107 110 131
85 107 29 48
85 107 10 28
85 107 88 110
85 108 164 180
85 108 180 198
85 109 186 205
85 109 170 186
85 110 167 184
85 110 185 204
85 111 114 133
85 111 31 49
85 111 12 31
85 111 93 114
85 112 27 45
85 112 108 126
85 112 88 106
85 112 9 26
85 113 26 45
85 113 106 125
85 113 7 24
85 113 87 106
85 114 6 24
85 114 107 125
85 114 26 45
85 114 87 107
85 115 26 47
85 115 82 105
85 115 105 125
85 115 6 26
86 80 250 269
86 80 170 190
86 81 166 187
86 81 247 266
86 82 251 264
86 83 244 265
86 84 240 264
86 85 242 263
86 86 246 264
86 87 243 266
86 88 245 267
86 89 245 265
86 90 244 264
86 91 245 264
86 91 158 185
86 92 168 190
86 92 249 269
86 93 167 186
86 93 246 259
86 94 245 264
86 95 248 267
86 96 244 263
86 97 241 260
86 98 246 267
86 99 243 262
86 100 244 263
86 101 164 184
86 101 244 263
86 102 167 188
86 102 248 268
86 103 246 266
86 103 329 341
86 103 166 186
86 104 165 189
86 104 248 268
86 105 161 185
86 105 244 263
86 106 327 345
86 106 164 186
86 106 247 267
86 107 251 270
86 107 167 190
86 108 236 256
86 109 242 260
86 110 242 263
86 111 170 191
86 111 252 272
86 112 246 259
86 112 166 187
86 113 164 186
86 113 245 265
86 114 245 267
86 114 162 186
86 115 244 263
86 115 163 183
87 80 170 209
87 80 250 287
87 81 166 200
87 81 247 285
87 82 251 283
87 83 244 285
87 84 239 282
87 85 240 281
87 86 246 282
87 87 243 282
87 88 243 284
87 89 242 283
87 90 241 276
87 91 245 282
87 91 158 201
87 92 168 208
87 92 249 287
87 93 167 205
87 93 246 283
87 94 245 282
87 95 248 285
87 96 244 277
87 97 255 284
87 98 246 286
87 99 243 279
87 100 244 279
87 101 164 202
87 101 244 280
87 102 167 206
87 102 248 287
87 103 246 284
87 103 167 205
87 104 165 208
87 104 248 286
87 105 244 276
87 105 161 204
87 106 164 204
87 106 247 283
87 107 167 208
87 107 251 289
87 108 236 274
87 109 243 283
87 110 242 281
87 111 170 209
87 111 252 292
87 112 166 205
87 112 255 285
87 113 164 204
87 113 245 283
87 114 245 283
87 114 162 203
87 115 244 281
87 115 173 202
88 24 177 187
88 24 138 162
88 25 155 177
88 25 192 214
88 26 160 171
88 26 201 211
88 27 199 209
88 27 159 170
88 80 190 209
88 80 269 287
88 80 210 234
88 80 288 318
88 81 187 200
88 81 266 285
88 81 127 140
88 81 48 61
88 81 286 316
88 82 257 283
88 82 146 164
88 82 66 87
88 82 223 236
88 82 203 216
88 83 256 285
88 83 66 80
88 83 144 165
88 83 224 236
88 83 204 217
88 84 261 282
88 84 68 85
88 84 147 164
88 84 284 314
88 85 262 282
88 85 148 165
88 85 68 86
88 85 284 311
88 86 262 282
88 86 149 167
88 86 70 88
88 86 292 313
88 87 265 282
88 87 67 80
88 87 286 311
88 87 146 158
88 87 227 241
88 88 262 284
88 88 300 316
88 88 68 84
88 88 148 167
88 89 257 283
88 89 222 237
88 89 146 167
88 89 284 312
88 90 258 282
88 90 222 237
88 90 68 87
88 90 284 311
88 91 263 280
88 91 185 203
88 91 297 313
88 91 124 135
88 91 205 232
88 91 42 58
88 92 190 208
88 92 269 284
88 92 223 236
88 92 288 312
88 92 46 63
88 92 125 141
88 93 264 283
88 93 186 205
88 93 215 239
88 93 284 308
88 93 46 58
88 93 126 139
88 94 265 282
88 95 268 285
88 96 259 281
88 96 145 165
88 96 66 85
88 96 282 313
88 97 259 284
88 97 146 165
88 97 56 86
88 97 223 240
88 97 285 314
88 97 203 218
88 98 267 286
88 98 147 164
88 98 68 87
88 98 287 315
88 99 263 279
88 99 67 86
88 99 147 166
88 99 282 306
88 100 264 279
88 100 148 165
88 100 68 87
88 100 283 308
88 101 178 202
88 101 256 280
88 101 215 233
88 101 284 312
88 101 44 56
88 101 142 156
88 102 261 287
88 102 180 206
88 102 209 237
88 102 127 140
88 102 47 59
88 102 65 79
88 103 180 205
88 103 258 284
88 103 47 58
88 103 285 314
88 103 144 158
88 103 127 139
88 104 190 208
88 104 264 286
88 104 288 317
88 104 209 239
88 104 68 83
88 105 262 281
88 105 185 204
88 105 206 225
88 105 291 317
88 105 65 80
88 106 215 233
88 106 298 308
88 106 177 204
88 106 257 283
88 106 61 79
88 106 42 59
88 107 181 208
88 107 302 320
88 107 210 237
88 107 261 289
88 107 148 164
88 107 128 143
88 108 255 272
88 108 66 85
88 108 142 162
88 108 275 300
88 108 198 209
88 109 264 283
88 109 69 86
88 109 147 166
88 109 284 310
88 110 263 281
88 110 67 86
88 110 145 163
88 110 282 306
88 111 272 292
88 111 192 209
88 111 49 61
88 111 211 237
88 111 129 144
88 111 294 312
88 112 267 285
88 112 187 205
88 112 206 233
88 112 287 308
88 112 41 56
88 112 122 138
88 113 178 204
88 113 258 283
88 113 205 226
88 113 285 310
88 113 120 135
88 114 266 283
88 114 181 203
88 114 205 233
88 114 284 306
88 114 41 56
88 114 121 136
88 115 177 202
88 115 257 281
88 115 216 234
88 115 282 312
89 80 290 325
89 80 212 249
89 81 297 324
89 81 209 246
89 82 286 319
89 82 68 85
89 83 67 84
89 83 146 164
89 83 288 321
89 84 285 320
89 85 286 319
89 86 286 318
89 87 288 323
89 88 289 324
89 89 149 166
89 89 286 321
89 90 69 86
89 90 286 318
89 91 207 240
89 91 286 320
89 92 213 246
89 92 291 325
89 93 209 242
89 93 287 322
89 94 288 323
89 94 146 163
89 95 292 326
89 95 69 87
89 96 146 165
89 96 288 321
89 97 69 86
89 97 147 165
89 97 288 323
89 98 289 326
89 99 294 322
89 100 285 322
89 100 70 88
89 101 206 240
89 101 285 321
89 102 290 321
89 102 210 244
89 103 287 318
89 103 208 240
89 104 290 325
89 104 212 241
89 105 285 318
89 105 207 240
89 106 288 325
89 106 210 243
89 107 212 247
89 107 292 330
89 108 67 84
89 108 277 311
89 108 144 161
89 109 149 167
89 109 286 319
89 110 69 86
89 110 284 319
89 111 298 328
89 111 215 250
89 112 219 244
89 112 299 324
89 113 295 323
89 113 207 235
89 114 218 242
89 114 294 323
89 115 210 242
89 115 284 319
90 82 126 145
90 82 88 105
90 82 46 65
90 82 1 25
90 83 1 25
90 83 86 104
90 83 46 64
90 83 125 143
90 84 6 27
90 84 88 104
90 84 49 66
90 84 126 144
90 85 50 66
90 85 127 145
90 85 2 27
90 85 88 104
90 86 90 107
90 86 55 68
90 86 1 30
90 86 129 146
90 87 127 145
90 87 87 105
90 87 47 66
90 87 1 27
90 88 50 67
90 88 130 147
90 88 85 106
90 88 1 27
90 89 89 105
90 89 48 66
90 89 127 145
90 89 1 27
90 90 88 106
90 90 48 66
90 90 125 144
90 90 1 27
90 94 46 65
90 94 1 26
90 94 87 104
90 94 125 143
90 95 47 66
90 95 8 27
90 95 89 106
90 95 127 147
90 96 1 24
90 96 86 103
90 96 46 64
90 96 129 142
90 97 87 104
90 97 1 25
90 97 46 64
90 97 126 143
90 98 127 144
90 98 48 65
90 98 93 105
90 98 1 26
90 99 1 26
90 99 87 104
90 99 47 65
90 99 206 220
90 100 89 105
90 100 1 27
90 100 127 144
90 100 48 65
90 108 123 138
90 108 47 63
90 108 86 101
90 108 1 24
90 109 128 146
90 109 49 66
90 109 1 28
90 109 88 105
90 110 48 66
90 110 127 142
90 110 88 105
90 110 2 26
91 80 288 323
91 80 220 241
91 81 220 240
91 81 286 312
91 82 66 84
91 82 146 164
91 82 284 317
91 83 65 85
91 83 144 165
91 83 286 312
91 84 67 85
91 84 145 164
91 84 283 314
91 85 67 86
91 85 146 165
91 85 284 311
91 86 69 88
91 86 147 166
91 86 292 317
91 87 67 86
91 87 146 166
91 87 286 312
91 88 68 84
91 88 148 167
91 88 301 317
91 89 146 167
91 89 68 88
91 89 296 322
91 90 67 87
91 90 145 166
91 90 284 316
91 91 205 230
91 91 283 316
91 92 219 234
91 92 288 315
91 93 284 317
91 93 215 238
91 94 66 85
91 94 145 163
91 94 284 321
91 95 148 167
91 95 68 88
91 95 287 317
91 96 66 85
91 96 145 163
91 97 146 165
91 97 66 85
91 97 285 313
91 98 67 87
91 98 148 164
91 98 287 322
91 99 147 165
91 99 67 86
91 99 295 322
91 100 68 88
91 100 147 166
91 100 283 315
91 101 284 310
91 101 204 230
91 102 208 235
91 102 288 314
91 103 285 312
91 103 206 232
91 104 287 313
91 104 209 235
91 105 283 309
91 105 205 227
91 106 223 244
91 106 285 312
91 107 302 318
91 107 210 244
91 108 66 85
91 108 142 162
91 108 275 298
91 109 69 87
91 109 147 167
91 109 284 318
91 110 145 165
91 110 67 86
91 110 282 317
91 111 294 324
91 111 211 239
91 112 219 233
91 112 286 310
91 113 218 238
91 113 284 323
91 114 285 313
91 114 204 228
91 115 216 239
91 115 282 312
92 80 13 52
92 80 95 131
92 81 91 128
92 81 9 51
92 82 166 203
92 83 166 204
92 84 168 206
92 85 169 208
92 86 170 205
92 87 171 209
92 88 172 210
92 89 168 205
92 90 167 204
92 91 90 125
92 91 8 46
92 92 13 51
92 92 95 130
92 93 9 47
92 93 82 126
92 94 167 205
92 95 174 208
92 96 167 208
92 97 168 210
92 98 172 207
92 99 179 210
92 100 170 208
92 101 7 44
92 101 89 124
92 102 9 47
92 102 93 127
92 103 9 47
92 103 88 126
92 104 16 52
92 104 95 133
92 105 92 128
92 105 10 51
92 106 8 47
92 106 90 128
92 107 92 132
92 107 9 48
92 108 164 199
92 109 169 205
92 110 167 205
92 111 97 133
92 111 1 31
92 112 92 126
92 112 8 46
92 113 7 45
92 113 29 64
92 114 6 46
92 114 48 107
92 115 7 47
92 115 87 119
93 80 72 91
93 80 150 170
93 80 52 74
93 80 130 153
93 81 146 166
93 81 71 87
93 81 126 152
93 81 48 69
93 82 202 223
93 82 226 244
93 83 204 227
93 83 220 244
93 84 225 244
93 84 206 229
93 85 228 245
93 85 207 228
93 86 208 229
93 86 229 246
93 87 208 231
93 87 225 246
93 88 229 247
93 88 207 231
93 89 226 245
93 90 223 245
93 90 204 227
93 91 144 163
93 91 125 144
93 91 47 61
93 92 148 169
93 92 69 91
93 92 129 150
93 93 66 88
93 93 127 147
93 93 144 162
93 93 47 68
93 94 225 245
93 94 206 225
93 95 229 248
93 95 209 228
93 96 227 244
93 96 206 223
93 97 230 246
93 97 207 230
93 98 225 247
93 98 207 230
93 99 207 226
93 99 199 210
93 100 224 244
93 101 44 66
93 101 145 165
93 101 123 144
93 102 49 66
93 102 130 149
93 102 69 89
93 103 48 67
93 103 126 148
93 103 61 88
93 103 142 167
93 104 152 170
93 104 132 153
93 104 74 94
93 104 51 75
93 105 149 165
93 105 70 89
93 105 128 149
93 105 51 73
93 106 144 166
93 107 71 93
93 107 131 152
93 107 48 73
93 107 147 169
93 108 217 236
93 108 198 218
93 109 225 244
93 110 20 32
93 110 222 243
93 111 72 93
93 111 51 72
93 111 135 153
93 111 153 171
93 112 128 148
93 112 67 88
93 112 47 68
93 112 145 167
93 113 47 66
93 113 144 165
93 113 127 146
93 113 66 87
93 114 50 66
93 114 64 86
93 114 144 165
93 114 129 147
93 115 67 86
93 115 146 164
93 115 129 146
93 115 47 69
94 80 172 190
94 80 252 269
94 81 170 187
94 81 247 263
94 82 247 264
94 83 246 265
94 84 247 264
94 85 247 264
94 86 249 265
94 87 250 266
94 88 250 267
94 89 253 265
94 90 250 264
94 91 247 264
94 91 167 185
94 92 172 190
94 92 251 267
94 93 248 262
94 93 170 186
94 94 248 265
94 95 254 268
94 96 250 263
94 97 249 265
94 98 250 267
94 99 247 262
94 100 246 263
94 101 173 184
94 101 247 263
94 102 170 188
94 102 250 268
94 103 248 266
94 103 169 186
94 104 251 268
94 104 172 190
94 105 246 263
94 105 168 185
94 106 168 187
94 106 249 268
94 107 254 270
94 107 172 190
94 108 239 256
94 109 247 255
94 110 246 263
94 111 174 191
94 111 255 272
94 112 250 267
94 112 172 187
94 113 168 186
94 113 247 265
94 114 168 186
94 114 247 267
94 115 168 183
94 115 247 263
95 80 252 287
95 80 172 209
95 81 170 198
95 81 247 285
95 82 247 283
95 83 246 284
95 84 247 281
95 85 247 282
95 86 249 282
95 87 250 280
95 88 250 278
95 89 253 282
95 90 250 283
95 91 247 282
95 92 172 207
95 92 251 286
95 93 170 204
95 93 248 283
95 94 248 282
95 95 251 285
95 96 247 280
95 97 249 283
95 98 250 285
95 99 247 277
95 100 246 279
95 101 173 202
95 101 247 275
95 102 250 282
95 102 169 204
95 103 247 282
95 103 169 204
95 104 251 286
95 104 172 206
95 105 247 281
95 105 168 204
95 106 168 204
95 106 249 280
95 107 172 208
95 107 254 288
95 108 239 274
95 109 247 283
95 110 246 281
95 111 174 209
95 111 255 292
95 112 172 204
95 112 250 285
95 113 168 203
95 113 247 281
95 114 247 283
95 114 168 202
95 115 168 201
95 115 247 281
96 24 177 187
96 24 139 162
96 26 160 171
96 26 188 198
96 27 199 209
96 27 159 170
96 80 269 287
96 80 190 209
96 81 187 198
96 81 266 285
96 82 257 283
96 82 66 84
96 82 223 236
96 83 258 284
96 83 66 81
96 83 224 236
96 84 68 81
96 84 262 281
96 84 146 164
96 84 284 315
96 85 147 165
96 85 68 85
96 85 295 311
96 85 262 282
96 85 1 14
96 86 148 166
96 86 264 282
96 86 70 87
96 86 294 321
96 86 223 235
96 87 286 308
96 87 67 80
96 87 266 280
96 87 146 159
96 87 226 241
96 88 307 317
96 88 267 278
96 88 68 79
96 89 260 282
96 89 222 236
96 89 296 312
96 90 264 283
96 90 222 238
96 90 67 86
96 91 264 278
96 91 293 308
96 91 185 203
96 91 124 135
96 91 205 227
96 91 45 59
96 92 269 286
96 92 190 207
96 92 219 235
96 92 288 314
96 92 50 63
96 92 129 141
96 93 265 283
96 93 186 204
96 93 215 233
96 93 285 312
96 93 46 59
96 93 126 139
96 94 204 214
96 94 262 282
96 94 67 85
96 95 265 285
96 95 207 218
96 95 68 80
96 96 263 280
96 96 145 164
96 96 66 85
96 96 222 236
96 96 282 317
96 96 204 218
96 97 265 283
96 97 146 165
96 97 67 86
96 97 297 315
96 97 223 240
96 98 68 86
96 98 267 285
96 98 147 165
96 99 263 277
96 99 67 85
96 99 146 164
96 99 295 315
96 99 282 305
96 100 68 83
96 100 147 165
96 100 263 279
96 100 294 307
96 101 183 202
96 101 257 275
96 101 284 307
96 101 44 56
96 101 204 232
96 101 142 156
96 102 261 282
96 102 181 204
96 102 209 237
96 102 64 79
96 102 47 59
96 102 127 140
96 103 180 204
96 103 258 282
96 103 144 158
96 103 46 58
96 103 285 314
96 103 64 78
96 104 190 206
96 104 68 80
96 104 266 286
96 104 221 238
96 104 292 319
96 104 130 142
96 105 263 281
96 105 184 204
96 105 206 225
96 105 283 317
96 105 217 242
96 105 65 79
96 106 223 234
96 106 284 312
96 106 64 80
96 106 180 204
96 106 45 58
96 106 259 280
96 107 302 318
96 107 222 238
96 107 69 83
96 107 149 164
96 107 186 208
96 107 270 288
96 108 256 274
96 108 142 162
96 108 66 84
96 108 275 297
96 108 198 209
96 109 264 283
96 109 69 87
96 109 147 167
96 109 284 309
96 110 263 281
96 110 67 86
96 110 145 163
96 110 282 307
96 110 204 214
96 111 272 292
96 111 191 209
96 111 49 61
96 111 133 144
96 111 229 248
96 111 211 233
96 112 187 204
96 112 275 285
96 112 45 56
96 112 299 317
96 112 206 233
96 113 192 203
96 113 178 200
96 113 258 281
96 113 125 135
96 113 205 226
96 113 285 310
96 114 262 282
96 114 177 202
96 114 222 236
96 114 45 55
96 114 205 231
96 115 184 199
96 115 268 281
96 115 221 235
96 115 282 313
96 115 63 77
96 115 119 137
97 6 36 57
97 6 94 115
97 34 369 388
97 36 342 368
97 37 335 364
97 38 333 361
97 40 91 102
97 40 101 124
97 40 156 167
97 40 334 364
97 43 352 366
97 44 352 367
97 45 351 366
97 46 351 366
97 47 344 359
97 48 342 362
97 49 307 315
97 80 330 347
97 81 327 345
97 82 325 343
97 83 327 343
97 84 324 343
97 85 324 345
97 86 324 343
97 87 327 345
97 88 330 347
97 89 324 343
97 90 323 339
97 91 325 343
97 92 330 347
97 93 326 341
97 94 326 343
97 95 328 347
97 96 325 341
97 97 327 343
97 98 329 345
97 99 323 341
97 100 324 343
97 101 324 343
97 102 330 345
97 103 328 341
97 104 328 349
97 105 323 343
97 106 326 345
97 107 331 349
97 108 315 335
97 109 326 343
97 110 325 343
97 111 331 345
97 112 328 343
97 113 325 341
97 114 326 341
97 115 324 343
98 80 44 73
98 80 122 153
98 81 119 151
98 81 40 67
98 82 199 244
98 83 195 224
98 84 201 244
98 85 202 242
98 86 203 242
98 87 209 246
98 88 225 247
98 89 201 242
98 90 200 245
98 91 123 163
98 91 62 86
98 92 47 74
98 92 127 169
98 93 123 160
98 93 44 88
98 94 207 245
98 95 205 231
98 96 202 244
98 97 203 233
98 98 198 230
98 99 197 226
98 100 197 228
98 101 40 85
98 101 120 165
98 102 119 147
98 102 43 89
98 103 37 67
98 103 117 147
98 104 122 155
98 104 49 93
98 105 123 165
98 105 46 89
98 106 43 71
98 106 122 166
98 107 128 155
98 107 46 89
98 108 196 237
98 109 203 244
98 110 202 243
98 111 47 93
98 111 131 171
98 112 124 167
98 112 44 88
98 113 123 165
98 113 42 69
98 114 50 86
98 114 124 166
98 115 123 158
98 115 44 73
99 80 72 91
99 80 51 73
99 80 148 171
99 80 130 153
99 81 126 149
99 81 144 166
99 81 69 88
99 81 48 69
99 82 202 223
99 82 225 244
99 83 203 225
99 83 224 244
99 84 222 244
99 84 205 231
99 85 207 228
99 85 224 245
99 86 208 230
99 86 224 246
99 87 226 246
99 87 208 231
99 88 229 247
99 89 204 226
99 89 225 245
99 90 203 225
99 90 223 245
99 91 143 163
99 91 45 66
99 92 148 170
99 92 50 71
99 92 129 150
99 92 69 91
99 93 66 88
99 93 126 147
99 93 144 165
99 93 47 68
99 94 224 245
99 94 205 228
99 95 207 226
99 96 226 244
99 96 204 229
99 97 228 246
99 97 206 230
99 98 207 227
99 99 205 223
99 100 222 244
99 101 43 64
99 101 63 85
99 101 123 145
99 101 143 165
99 102 47 67
99 102 127 148
99 102 147 167
99 102 66 89
99 103 83 93
99 103 46 67
99 103 65 87
99 103 126 147
99 104 151 170
99 104 132 155
99 104 51 76
99 105 148 165
99 105 69 89
99 105 127 150
99 105 48 73
99 106 67 86
99 106 145 166
99 106 125 151
99 106 45 71
99 107 71 92
99 107 48 70
99 107 149 169
99 107 131 155
99 108 216 237
99 108 198 218
99 109 224 244
99 109 205 226
99 110 222 243
99 110 204 216
99 111 49 72
99 111 69 93
99 111 133 155
99 111 150 171
99 112 126 148
99 112 65 88
99 112 143 167
99 112 46 70
99 113 142 165
99 113 125 146
99 113 63 87
99 113 45 69
99 114 63 86
99 114 144 166
99 114 46 67
99 114 126 147
99 115 67 86
99 115 146 165
99 115 46 69
99 115 129 147
100 80 13 52
100 80 89 130
100 81 86 128
100 81 9 48
100 82 166 203
100 83 167 204
100 84 168 206
100 85 169 208
100 86 169 208
100 87 169 206
100 88 170 209
100 89 168 205
100 90 167 204
100 91 8 46
100 91 86 125
100 92 13 51
100 92 87 130
100 93 10 47
100 93 82 126
100 94 167 205
100 95 169 208
100 96 167 207
100 97 168 207
100 98 169 212
100 99 168 206
100 100 168 208
100 101 7 44
100 101 86 124
100 102 9 47
100 102 87 127
100 103 9 46
100 103 88 126
100 104 16 52
100 104 93 132
100 105 10 51
100 105 90 128
100 106 8 46
100 106 82 127
100 107 91 132
100 107 10 49
100 108 164 199
100 109 170 205
100 110 167 204
100 111 12 50
100 111 115 153
100 112 8 46
100 112 79 126
100 113 7 46
100 113 77 126
100 114 6 46
100 114 77 112
100 115 87 126
100 115 7 47
